haloID,subHaloID,lastProgenitorId,treeId,snapNum,redshift,firstProgenitorId,nextProgenitorId,descendantId,firstHaloInFOFgroupId,nextHaloInFOFgroupId,np,m_Mean200,m_Crit200,m_TopHat,phKey,x,y,z,zIndex,ix,iy,iz,velX,velY,velZ,velDisp,vMax,spinX,spinY,spinZ,mostBoundID,fileNr,subhaloIndex,halfmassRadius,random
64000000,63000000000462,64000195,64000000,63,0.0,64000001,-1,-1,64000000,64000235,1999,199.3281,128.32391,173.93872,2328,22.676672,23.826263,10.319259,15465,2,2,1,205.76678,23.291565,134.14273,106.83374,191.79375,0.2872064,0.00711753,-2.5380824,1329072,0,462,0.10674492,993
64000001,62000000000461,64000195,64000000,62,0.019932542,64000002,-1,64000000,64000001,64000236,2065,196.48793,128.84032,170.41003,2328,22.639198,23.821941,10.289413,15465,2,2,1,207.93071,28.451056,135.30959,109.37687,197.07338,0.33429667,-0.09285942,-2.7143342,1329072,0,461,0.10935316,276
64000002,61000000000469,64000195,64000000,61,0.041403063,64000003,-1,64000001,64000002,64000237,1974,193.0453,127.80752,168.77478,2328,22.5908,23.815886,10.258131,15465,2,2,1,209.46834,27.449533,134.93388,110.659256,197.8082,0.6078277,-0.03169534,-2.622998,1329072,0,469,0.10149954,936
64000003,60000000000463,64000195,64000000,60,0.064493395,64000004,-1,64000002,64000003,64000238,1906,190.80759,128.5821,166.02068,2328,22.533981,23.809633,10.216965,15465,2,2,1,213.32611,30.695185,136.03197,111.46171,197.26944,0.6474954,-0.28503388,-2.0422156,1329072,0,463,0.09437184,127
64000004,59000000000481,64000195,64000000,59,0.08928783,64000005,-1,64000003,64000004,64000239,1859,187.19284,127.37719,162.49199,2328,22.485542,23.805021,10.18532,15465,2,2,1,214.13866,36.74931,137.21243,111.52683,196.40297,0.49258146,-0.39123166,-1.4813483,1329031,0,481,0.092086405,789
64000005,58000000000460,64000195,64000000,58,0.11588337,64000006,-1,64000004,64000005,64000240,1830,184.43874,124.88129,157.24197,2328,22.418463,23.795881,10.144084,15464,2,2,1,210.65407,38.16897,137.48198,111.037895,196.41331,0.30340016,-0.04013123,-2.331252,1436671,0,460,0.09310969,508
64000006,57000000000462,64000195,64000000,57,0.14438343,64000007,-1,64000005,64000006,64000241,1871,179.96332,121.43866,148.72148,2328,22.362076,23.7925,10.097333,15464,2,2,1,211.25493,40.695766,138.55089,108.669556,191.97375,0.25565162,-0.44912192,-2.1357434,1436671,0,462,0.09570546,307
64000007,56000000000439,64000195,64000000,56,0.17489761,64000008,-1,64000006,64000007,64000242,1831,177.72562,118.254234,147.34444,2328,22.301119,23.780083,10.063119,15464,2,2,1,209.20264,44.07313,140.66066,108.04882,190.84814,0.2518943,-0.51869905,-2.0158064,1436671,0,439,0.0972649,70
64000008,55000000000441,64000195,64000000,55,0.20754863,64000009,-1,64000007,64000008,64000243,1786,170.4961,116.016525,147.77477,2328,22.23432,23.758947,10.024414,15464,2,2,1,207.90524,45.56187,141.24577,108.959694,192.09845,0.185272,-0.6645723,-1.9223552,1436671,0,441,0.09551399,333
64000009,54000000000404,64000195,64000000,54,0.24246909,64000010,-1,64000008,64000009,64000244,1741,161.63133,119.71735,145.53705,2328,22.168552,23.73989,9.975932,15464,2,2,1,208.55351,48.066696,140.91386,110.71215,193.34187,0.11550711,-0.6198212,-1.5710931,1325930,0,404,0.088988125,268
64000010,53000000000425,64000163,64000000,53,0.2798018,64000011,64000164,64000009,64000010,64000245,1608,154.83214,120.405876,142.69688,2328,22.100767,23.720137,9.9345,15464,2,2,1,208.66809,52.039165,138.4766,114.67701,196.5926,0.11756568,-0.46737832,-1.4279351,1325930,0,425,0.08155392,156
64000011,52000000000424,64000132,64000000,52,0.31970343,64000012,64000133,64000010,64000011,64000133,1561,152.59444,118.85669,140.02885,2328,22.023823,23.694302,9.889,15464,2,2,1,205.4826,53.778465,141.18097,122.38453,205.63348,0.22900707,-0.12049915,-0.45889786,1436671,0,424,0.071099125,405
64000012,51000000000450,64000132,64000000,51,0.36234027,64000013,-1,64000011,64000012,64000165,1480,148.46329,117.90997,136.67229,2328,21.934275,23.672018,9.840215,15464,2,2,1,202.78891,64.904816,132.48483,114.954636,200.69649,0.037682347,-0.36983746,-0.05067498,1329099,0,450,0.0712482,792
64000013,50000000000451,64000132,64000000,50,0.40789944,64000014,-1,64000012,64000013,64000166,1463,144.24606,107.151764,130.56163,2328,21.848167,23.645113,9.792199,15464,2,2,1,201.52586,62.130733,134.62971,110.50208,193.96542,0.37805083,-0.20363556,-0.24344662,1326022,0,451,0.08050754,484
64000014,49000000000427,64000132,64000000,49,0.45657724,64000015,-1,64000013,64000014,64000167,1344,133.91818,103.19274,122.04112,2329,21.765148,23.624472,9.74491,15436,2,2,1,198.81697,57.30729,129.97221,107.93246,183.66324,0.78363824,0.051324587,0.21983036,1329099,0,427,0.07480811,364
64000015,48000000000410,64000132,64000000,48,0.5085914,64000016,-1,64000014,64000015,64000136,1366,129.70097,103.36487,122.38538,2329,21.68317,23.601234,9.683952,15436,2,2,1,192.10194,60.598907,128.87485,106.31218,183.25728,0.28525746,0.0012027643,-0.038171746,1326022,0,410,0.079727925,147
64000016,47000000000411,64000132,64000000,47,0.5641766,64000017,-1,64000015,64000016,64000137,1356,126.774734,99.23372,119.45915,2329,21.602726,23.573431,9.632705,15436,2,2,1,189.26949,58.21921,125.42771,110.095436,187.2015,0.62557834,0.065737575,-0.011080605,1329099,0,411,0.07488173,769
64000017,46000000000424,64000132,64000000,46,0.6235901,64000018,-1,64000016,64000017,64000138,1276,123.07391,98.5452,112.74603,2329,21.513126,23.552952,9.577847,15436,2,2,1,183.93016,58.31702,125.83235,118.77136,196.7174,0.6828508,0.32999158,-0.010606254,1439738,0,424,0.062517285,53
64000018,45000000000401,64000132,64000000,45,0.6871088,64000019,-1,64000017,64000018,64000139,1341,118.254234,98.71732,111.45505,2330,21.428398,23.531336,9.499329,15429,2,2,1,186.3745,56.74062,128.33995,117.29939,193.12164,0.79467803,0.4037714,-0.08241483,1329032,0,401,0.06784631,53
64000019,44000000000379,64000107,64000000,44,0.75503564,64000020,64000108,64000018,64000019,64000140,1305,121.180466,97.08208,118.16817,2330,21.33166,23.491865,9.441131,15429,2,2,1,178.28406,52.933723,131.70477,115.988754,190.61624,0.9513256,0.33023793,-0.09179877,1325973,0,379,0.07048902,269
64000020,43000000000373,64000094,64000000,43,0.8276991,64000021,64000095,64000019,64000020,64000141,1140,117.65177,104.139465,114.897675,2330,21.236448,23.462376,9.368715,15429,2,2,1,173.70908,65.79484,141.65208,113.03103,180.63673,0.9156234,1.3786138,0.15467373,1325973,0,373,0.06755672,733
64000021,42000000000387,64000094,64000000,42,0.9054624,64000022,-1,64000020,64000021,64000142,1079,111.885376,100.524704,108.614876,2277,21.170326,23.418573,9.291454,14551,2,2,1,178.40564,73.29312,146.9708,112.5621,182.24182,1.1386093,1.2817025,0.0344572,1439971,0,387,0.061776165,812
64000022,41000000000383,64000094,64000000,41,0.98870814,64000023,-1,64000021,64000022,64000143,1009,103.70914,95.44683,102.76241,2277,21.074755,23.383915,9.20983,14551,2,2,1,177.63612,76.313705,152.52399,115.02423,182.44194,1.1268965,1.3223081,-0.23569794,1439738,0,383,0.05792043,7
64000023,40000000000373,64000094,64000000,40,1.0778745,64000024,-1,64000022,64000023,64000144,982,93.20912,81.590256,92.0042,2277,20.982056,23.349798,9.135696,14551,2,2,1,182.30273,60.877666,146.82632,121.394,189.6238,0.9076871,1.2567992,-0.1908445,1439738,0,373,0.051717166,135
64000024,39000000000378,64000094,64000000,39,1.173417,64000025,-1,64000023,64000024,64000145,868,79.52468,72.63943,78.92222,2277,20.8772,23.282566,9.085037,14551,2,2,1,194.16946,54.18316,145.29948,111.59775,182.61128,0.9910796,1.17397,0.049407568,1325885,0,378,0.04843518,324
64000025,38000000000395,64000094,64000000,38,1.2758462,64000026,-1,64000024,64000025,64000114,852,69.11073,64.72138,69.11073,2277,20.76392,23.268923,9.025853,14551,2,2,1,189.2867,50.13273,142.49544,111.217575,177.179,1.4310933,1.4600853,0.020242432,1329093,0,395,0.05199327,206
64000026,37000000000416,64000072,64000000,37,1.3857181,64000027,64000073,64000025,64000026,64000074,819,69.11073,65.23778,69.1968,2277,20.648464,23.250027,8.923922,14551,2,2,0,197.1633,33.506695,141.8654,107.28574,177.83337,0.69431734,0.5363771,-0.28266084,1329068,0,416,0.051807974,948
64000027,36000000000393,64000072,64000000,36,1.5036365,64000028,-1,64000026,64000027,64000075,757,67.73368,64.63532,68.25008,2277,20.532173,23.257088,8.850503,14551,2,2,0,197.45454,33.425426,144.79889,114.09853,183.93314,0.8970628,0.5872275,-0.26083028,1329072,0,393,0.043314893,370
64000028,35000000000399,64000064,64000000,35,1.6302707,64000029,64000065,64000027,64000028,64000072,640,59.987774,58.26646,60.762363,2277,20.39526,23.185396,8.791294,14550,2,2,0,200.21973,15.318276,145.56215,133.41788,189.47206,0.20812967,0.23652673,-0.33375478,1439756,0,399,0.03406528,523
64000029,34000000000382,64000048,64000000,34,1.766336,64000030,64000049,64000028,64000029,64000076,549,54.393505,53.27465,54.909897,2277,20.280813,23.183695,8.689921,14546,2,2,0,204.21733,41.866608,145.83939,118.35569,176.05057,0.22303669,0.20896465,-0.32495734,1329060,0,382,0.033410475,287
64000030,33000000000372,64000048,64000000,33,1.9126327,64000031,-1,64000029,64000030,64000077,372,37.3525,35.37299,37.95496,2277,20.141653,23.110146,8.64232,14546,2,2,0,227.67754,76.28853,128.33084,95.62936,147.99274,0.5006158,0.43916738,0.008337841,1329064,0,372,0.03491068,337
64000031,32000000000332,64000048,64000000,32,2.0700274,64000032,-1,64000030,64000031,64000078,339,21.602484,19.795105,22.204943,2277,19.982872,23.067448,8.589712,14546,2,2,0,225.30772,61.021347,126.30946,82.00551,131.81592,0.5620371,0.5044462,-0.056114923,1329060,0,332,0.038801555,171
64000032,31000000000311,64000045,64000000,31,2.2394855,64000033,64000046,64000031,64000032,64000079,234,16.868872,16.524609,16.954937,2277,19.832626,23.023243,8.528918,14546,2,2,0,236.72021,41.974403,112.57206,75.71088,130.54843,0.21955273,0.46037266,0.08521957,1329137,0,311,0.026833914,397
64000033,30000000000688,64000045,64000000,30,2.422044,64000034,-1,64000032,64000033,-1,180,14.028705,13.942638,14.11477,2277,19.721542,23.01095,8.458267,14546,2,2,0,235.52623,36.035896,121.01665,82.46014,137.79128,0.299811,0.1184133,0.16847877,1329072,0,688,0.018273124,68
64000034,29000000000659,64000045,64000000,29,2.6188614,64000035,-1,64000033,64000034,-1,169,12.307391,11.618866,12.73772,2277,19.572008,22.976215,8.40264,14546,2,2,0,220.20222,28.22717,126.22903,79.071754,131.62976,0.2810593,0.26372817,0.2113669,1329072,0,659,0.019089527,929
64000035,28000000000578,64000045,64000000,28,2.8311827,64000036,-1,64000034,64000035,-1,165,8.778699,8.520501,9.811486,2300,19.4164,22.973524,8.354328,14491,2,2,0,203.19064,33.444405,125.142166,69.88214,113.11258,0.3316542,0.4623933,0.21237421,1329084,0,578,0.027323553,828
64000036,27000000000627,64000045,64000000,27,3.060419,64000037,-1,64000035,64000036,-1,129,8.9508295,8.9508295,9.639355,2300,19.300312,22.994701,8.296271,14491,2,2,0,201.48737,18.615242,121.979164,70.32654,117.170845,0.29427868,0.348783,0.24583948,1329099,0,627,0.019337453,678
64000037,26000000000622,64000045,64000000,26,3.3080978,64000038,-1,64000036,64000037,-1,123,9.811486,9.725421,10.155749,2300,19.190237,22.994453,8.203965,14491,2,2,0,197.06047,11.154588,116.734436,81.57124,134.86246,0.21882613,0.2206466,0.082016334,1329099,0,622,0.014107442,617
64000038,25000000000527,64000045,64000000,25,3.575905,64000039,-1,64000037,64000038,-1,121,8.9508295,8.778699,9.209027,2300,19.092203,22.995352,8.116148,14491,2,2,0,193.39076,8.976738,117.0993,75.94357,126.8709,0.16653147,0.32113558,0.049883764,1329072,0,527,0.01492556,55
64000039,24000000000491,64000045,64000000,24,3.8656828,64000040,-1,64000038,64000039,-1,108,6.4549255,6.282794,7.1434507,2300,18.983309,22.976534,8.045451,14491,2,2,0,185.90245,7.1259623,118.14914,68.344765,115.5424,0.018692797,0.21944028,0.021874519,1329137,0,491,0.015646957,481
64000040,23000000000409,64000045,64000000,23,4.1794686,64000041,-1,64000039,64000040,-1,104,5.3360715,5.2500057,6.540991,2300,18.909006,22.985796,8.001052,14491,2,2,0,184.76944,6.5032487,116.81237,64.62759,114.76761,0.013223167,0.17605339,0.03923909,1329098,0,409,0.017069763,745
64000041,22000000000739,64000045,64000000,22,4.5195556,64000042,-1,64000040,64000041,-1,54,4.5614805,4.5614805,4.6475463,2300,18.799646,22.971655,7.943157,14491,2,2,0,174.34538,6.242763,94.48552,74.440025,118.721085,0.057049654,0.0341568,0.06549006,1329072,0,739,0.008003501,695
64000042,21000000000608,64000045,64000000,21,4.888449,64000043,-1,64000041,64000042,-1,52,3.6147583,3.5286925,3.7008238,2300,18.695698,22.963415,7.893745,14491,2,2,0,172.519,5.8663225,91.65285,65.04672,108.895996,0.08598886,0.042397108,0.060421463,1329099,0,608,0.008940754,736
64000043,20000000000532,64000045,64000000,20,5.2888336,64000044,-1,64000042,64000043,-1,48,2.2377074,2.2377074,2.3237731,2300,18.626308,22.969137,7.827307,14491,2,2,0,155.8068,1.173644,87.780396,58.462658,98.25019,0.11567008,0.10599672,0.09267292,1329099,0,532,0.011229137,958
64000044,19000000000434,64000045,64000000,19,5.7238646,64000045,-1,64000043,64000044,-1,44,1.8934448,1.8934448,1.8934448,2209,18.59596,22.974232,7.763542,12735,2,2,0,149.254,-2.531869,88.73262,52.189022,89.75907,0.060931515,0.030465668,0.09128704,1325895,0,434,0.011208307,668
64000045,18000000000912,64000045,64000000,18,6.1968336,-1,-1,64000044,64000045,-1,20,0.774591,0.774591,0.774591,2209,18.36541,23.009615,7.7881074,12734,2,2,0,173.50844,-7.8478785,86.90313,40.252514,73.18969,-0.005862536,-0.1324909,0.060910285,1329141,0,912,0.009467549,204
64000046,31000000004006,64000048,64000000,31,2.2394855,64000047,-1,64000031,64000046,-1,20,1.7213135,1.7213135,1.7213135,2277,19.99121,22.8386,8.511781,14546,2,2,0,108.06822,158.3926,85.5286,35.903545,65.818886,0.043797877,0.008454974,0.018844642,1326426,0,4006,0.012510277,684
64000047,30000000004269,64000048,64000000,30,2.422044,64000048,-1,64000046,64000047,-1,20,1.4631164,1.4631164,1.6352477,2277,19.94071,22.763594,8.491967,14546,2,2,0,110.85455,139.62332,83.47413,38.05042,65.58767,0.04671331,0.009492899,0.027014935,1326422,0,4269,0.010777619,138
64000048,29000000003951,64000048,64000000,29,2.6188614,-1,-1,64000047,64000048,-1,21,0.60245967,0.60245967,1.1188537,2277,19.902365,22.692738,8.401375,14546,2,2,0,114.071495,128.99681,83.309685,37.235584,59.471252,0.04561004,0.071467154,0.007334169,1326426,0,3951,0.015824819,474
64000049,34000000000384,64000064,64000000,34,1.766336,64000050,-1,64000028,64000029,-1,26,0.0,0.0,0.0,2277,20.214766,23.192818,8.720662,14546,2,2,0,233.07318,-45.749527,149.77385,55.799126,91.66728,-0.04336324,0.1282585,0.07664896,1325953,0,384,0.00695447,478
64000050,33000000000374,64000064,64000000,33,1.9126327,64000051,-1,64000049,64000030,-1,47,0.0,0.0,0.0,2277,20.141598,23.205961,8.624085,14546,2,2,0,96.32539,27.017029,210.69414,61.09553,102.812546,0.06315811,0.14962032,0.080275305,1325962,0,374,0.008814458,431
64000051,32000000000334,64000064,64000000,32,2.0700274,64000052,-1,64000050,64000031,-1,57,0.0,0.0,0.0,2277,20.094463,23.17819,8.497849,14546,2,2,0,87.82512,61.73589,193.17229,60.428234,100.018936,0.09716643,0.06411208,0.12759326,1325875,0,334,0.010950533,721
64000052,31000000000313,64000064,64000000,31,2.2394855,64000053,-1,64000051,64000032,-1,99,0.0,0.0,0.0,2277,20.031805,23.13251,8.380598,14546,2,2,0,118.9886,63.55891,181.51752,61.15665,99.60668,-0.07875454,-0.2425863,0.12348067,1325972,0,313,0.019019045,354
64000053,30000000000955,64000064,64000000,30,2.422044,64000054,-1,64000052,64000053,-1,105,7.1434507,6.540991,7.2295165,2277,19.973484,23.094315,8.280721,14546,2,2,0,121.96725,58.035007,170.51819,60.30868,99.34014,-0.10952157,-0.20802745,0.24873291,1325952,0,955,0.02007713,383
64000054,29000000000993,64000064,64000000,29,2.6188614,64000055,-1,64000053,64000054,-1,94,6.540991,6.540991,6.971319,2277,19.898022,23.053316,8.176018,14546,2,2,0,126.39671,62.088852,170.51178,59.12671,99.975815,-0.18991771,-0.14995147,0.25405997,1325972,0,993,0.018270489,61
64000055,28000000000983,64000064,64000000,28,2.8311827,64000056,-1,64000054,64000055,-1,80,5.3360715,5.2500057,5.3360715,2277,19.802794,23.032316,8.085081,14546,2,2,0,140.96964,61.294003,168.13144,57.486153,97.93082,0.1894082,0.18556,0.14152087,1326024,0,983,0.016500726,837
64000056,27000000001190,64000064,64000000,27,3.060419,64000057,-1,64000055,64000056,-1,70,4.6475463,4.6475463,5.680334,2277,19.714458,22.989243,7.984774,14546,2,2,0,132.24936,59.530983,159.65268,59.677666,101.42353,0.11561288,0.24508502,0.07377085,1326024,0,1190,0.014015994,616
64000057,26000000001180,64000064,64000000,26,3.3080978,64000058,-1,64000056,64000057,-1,63,3.8729553,3.8729553,4.131152,2277,19.624142,22.94914,7.883441,14546,2,2,0,127.47608,53.008587,147.23639,56.22637,96.67117,0.08534452,0.2484952,0.0016880829,1326026,0,1180,0.013200774,215
64000058,25000000001417,64000064,64000000,25,3.575905,64000059,-1,64000057,64000058,-1,47,2.9262328,2.9262328,3.2704954,2277,19.53144,22.917725,7.8321314,14546,2,2,0,133.98228,52.31704,151.38162,53.229214,88.31123,0.007814826,0.016340228,-0.05351648,1326026,0,1417,0.013482972,448
64000059,24000000001283,64000064,64000000,24,3.8656828,64000060,-1,64000058,64000059,-1,46,2.6680357,2.6680357,2.6680357,2209,19.482857,22.892048,7.70927,12735,2,2,0,132.51628,48.424194,140.41768,51.665245,93.1453,0.058627903,0.053915095,-0.02072158,1325962,0,1283,0.011459575,554
64000060,23000000001354,64000064,64000000,23,4.1794686,64000061,-1,64000059,64000060,-1,38,3.18443,3.18443,3.2704954,2209,19.427784,22.863928,7.6356964,12735,2,2,0,121.30918,50.84438,135.49617,57.96043,98.02019,0.06922019,0.037625067,-0.056941904,1326120,0,1354,0.008742051,108
64000061,22000000001252,64000064,64000000,22,4.5195556,64000062,-1,64000060,64000061,-1,34,2.9262328,2.9262328,2.9262328,2209,19.371283,22.82668,7.5767255,12735,2,2,0,111.851425,43.709366,125.69891,57.101078,102.61512,0.0645113,0.11023125,-0.06245475,1326024,0,1252,0.00815698,732
64000062,21000000001061,64000064,64000000,21,4.888449,64000063,-1,64000061,64000062,-1,34,2.1516418,2.1516418,2.2377074,2209,19.308477,22.80629,7.5301743,12735,2,2,0,114.09748,43.310413,122.04258,48.251156,88.71458,0.031198593,0.10896692,-0.0673632,1325961,0,1061,0.00977778,417
64000063,20000000001614,64000064,64000000,20,5.2888336,64000064,-1,64000062,64000063,-1,20,1.7213135,1.7213135,1.7213135,2209,19.268606,22.77603,7.4433265,12735,2,2,0,99.914635,47.060913,109.932785,57.125294,96.35531,-0.013032791,-0.0060664904,-0.091661975,1326028,0,1614,0.0044701262,124
64000064,19000000001200,64000064,64000000,19,5.7238646,-1,-1,64000063,64000064,-1,21,1.549182,1.549182,1.7213135,2209,19.225716,22.756413,7.4085455,12735,2,2,0,101.310455,38.625717,102.617744,52.260494,91.883835,-0.018852597,-0.027033411,-0.112151355,1325741,0,1200,0.005337651,891
64000065,35000000002787,64000071,64000000,35,1.6302707,64000066,64000072,64000027,64000065,-1,38,3.0122986,2.6680357,3.0122986,2277,20.495508,23.171007,8.5079155,14546,2,2,0,93.28447,124.78511,150.97835,34.7354,62.35316,-0.075207,-0.3187276,-0.25199136,1324005,0,2787,0.023178587,394
64000066,34000000002493,64000071,64000000,34,1.766336,64000067,-1,64000065,64000066,-1,40,2.7541015,2.6680357,3.18443,2277,20.435488,23.095402,8.416392,14546,2,2,0,83.71873,126.57334,108.61379,37.756496,65.80892,-0.06955904,-0.29608443,-0.19652718,1326200,0,2493,0.020026995,12
64000067,33000000002271,64000071,64000000,33,1.9126327,64000068,-1,64000066,64000067,-1,40,2.4098387,1.9795104,2.4959044,2277,20.409657,23.020123,8.356324,14546,2,2,0,80.66608,120.73793,83.2259,34.637283,65.7032,-0.10439568,-0.28536364,-0.11916592,1324005,0,2271,0.022858674,602
64000068,32000000002433,64000071,64000000,32,2.0700274,64000069,-1,64000067,64000068,-1,33,1.4631164,1.4631164,1.4631164,2277,20.335575,22.961466,8.3170595,14546,2,2,0,77.94242,104.032486,68.889656,33.603745,58.88973,0.05867936,-0.10927638,-0.13653764,1324005,0,2433,0.021599684,274
64000069,30000000003004,64000071,64000000,30,2.422044,64000070,-1,64000068,64000069,-1,31,1.1188537,1.032788,1.2049193,2277,20.271132,22.856373,8.225427,14546,2,2,0,84.34043,89.60421,62.20503,34.852615,62.202663,-0.18200856,0.11278195,-0.086127855,1326199,0,3004,0.019814396,330
64000070,28000000003126,64000071,64000000,28,2.8311827,64000071,-1,64000069,64000070,-1,26,1.2049193,1.2049193,1.3770508,2277,20.174566,22.778517,8.146107,14546,2,2,0,77.77239,71.559525,58.504005,35.509518,65.02365,0.0140140625,-0.0538896,0.03970613,1326177,0,3126,0.014880881,932
64000071,27000000003158,64000071,64000000,27,3.060419,-1,-1,64000070,64000071,-1,23,1.549182,1.2909851,1.549182,2277,20.147785,22.742678,8.089486,14546,2,2,0,78.51938,61.734406,55.226402,37.15184,64.964935,-0.0498478,-0.067344815,-0.028474858,1326177,0,3158,0.012460949,949
64000072,35000000000400,64000072,64000000,35,1.6302707,-1,-1,64000027,64000028,-1,36,0.0,0.0,0.0,2277,20.424229,23.275639,8.761596,14546,2,2,0,195.14702,85.65522,141.94472,71.74433,115.24171,0.0074938703,0.05857115,0.043869082,1329064,0,400,0.006272502,885
64000073,37000000004073,64000073,64000000,37,1.3857181,-1,64000074,64000025,64000073,-1,23,1.032788,0.9467224,1.032788,2277,20.935314,22.978249,8.800004,14551,2,2,0,81.74415,182.73396,84.30086,24.39741,44.8634,-0.073014535,-0.049095094,0.065064624,1365168,0,4073,0.02299211,487
64000074,37000000000417,64000094,64000000,37,1.3857181,64000075,-1,64000025,64000026,-1,23,0.0,0.0,0.0,2277,20.629139,23.174818,8.977811,14551,2,2,1,234.81279,102.756775,118.3476,57.63935,97.070274,-0.009067147,0.032639775,-0.009318554,1439771,0,417,0.0048783184,974
64000075,36000000000394,64000094,64000000,36,1.5036365,64000076,-1,64000074,64000027,-1,34,0.0,0.0,0.0,2277,20.49805,23.143982,8.908111,14550,2,2,0,226.68927,-13.86168,160.05434,46.844406,89.24182,-0.059728954,0.06680525,-0.13640215,1439744,0,394,0.010233959,821
64000076,34000000000383,64000094,64000000,34,1.766336,64000077,-1,64000075,64000029,64000049,43,0.0,0.0,0.0,2277,20.332714,23.289509,8.670255,14546,2,2,0,116.61799,-140.37576,153.10037,57.927494,103.39539,-0.044802457,-0.03468039,-0.1113706,1439756,0,383,0.007990646,158
64000077,33000000000373,64000094,64000000,33,1.9126327,64000078,-1,64000076,64000030,64000050,136,0.0,0.0,0.0,2277,20.260881,23.365753,8.571928,14546,2,2,0,144.94664,-93.52903,160.92213,72.08358,121.2059,0.19760066,-0.3048527,0.029368693,1439771,0,373,0.018675098,851
64000078,32000000000333,64000094,64000000,32,2.0700274,64000079,-1,64000077,64000031,64000051,143,0.0,0.0,0.0,2277,20.179815,23.386677,8.485793,14546,2,2,0,161.74521,-71.27504,153.1523,81.050415,125.16532,-0.059017517,-0.39002398,0.06400103,1439770,0,333,0.017628362,865
64000079,31000000000312,64000094,64000000,31,2.2394855,64000080,-1,64000078,64000032,64000052,161,0.0,0.0,0.0,2277,20.081728,23.431158,8.392877,14546,2,2,0,162.12509,-51.633347,146.45842,71.64237,123.03937,0.056829046,-0.46648464,0.24607173,1439746,0,312,0.023154315,45
64000080,30000000000678,64000094,64000000,30,2.422044,64000081,-1,64000079,64000080,-1,186,10.155749,9.811486,10.500011,2330,20.00091,23.494137,8.267847,15424,2,2,0,158.92172,-42.76281,145.21803,67.23756,110.44135,-0.0026457456,-0.4222685,-0.019982927,1325947,0,678,0.028856467,879
64000081,29000000000685,64000094,64000000,29,2.6188614,64000082,-1,64000080,64000081,-1,168,10.413946,10.241815,10.586078,2330,19.908567,23.513494,8.173615,15424,2,2,0,155.10701,-33.602493,156.92554,71.67643,117.94035,0.020478617,-0.03573029,0.0934658,1439770,0,685,0.023753777,725
64000082,28000000000617,64000094,64000000,28,2.8311827,64000083,-1,64000081,64000082,-1,152,10.069683,9.983618,10.413946,2330,19.819809,23.50736,8.096172,15424,2,2,0,151.11342,-28.90256,156.65009,76.26754,129.22801,-0.05529672,0.062753096,0.07228723,1439770,0,617,0.017329875,452
64000083,27000000000680,64000094,64000000,27,3.060419,64000084,-1,64000082,64000083,-1,124,9.467224,9.467224,9.983618,2330,19.749298,23.51991,8.002547,15424,2,2,0,147.18828,-25.058207,154.35486,78.70881,127.83466,-0.11304533,0.12265833,0.06691692,1439744,0,680,0.014527139,854
64000084,26000000000675,64000094,64000000,26,3.3080978,64000085,-1,64000083,64000084,-1,114,9.122961,8.9508295,9.209027,2330,19.643211,23.538761,7.9167705,15424,2,2,0,145.68013,-23.741058,143.77275,77.136696,131.77248,-0.1721427,-0.048643548,0.13025297,1439739,0,675,0.013988572,843
64000085,25000000000621,64000094,64000000,25,3.575905,64000086,-1,64000084,64000085,-1,103,8.434436,8.434436,8.434436,2330,19.577547,23.544216,7.835395,15424,2,2,0,140.82024,-23.275846,141.81204,84.16066,138.27228,-0.22825412,-0.045137424,0.06893014,1325944,0,621,0.010929283,255
64000086,24000000000567,64000094,64000000,24,3.8656828,64000087,-1,64000085,64000086,-1,95,7.057385,6.885254,7.057385,2398,19.499743,23.55749,7.7450056,13613,2,2,0,140.6225,-26.249443,143.27834,70.15804,117.855896,-0.11971527,-0.011123035,-0.023452599,1325944,0,567,0.01364723,948
64000087,23000000000550,64000094,64000000,23,4.1794686,64000088,-1,64000086,64000087,-1,85,5.3360715,5.3360715,5.3360715,2398,19.408422,23.565977,7.660472,13613,2,2,0,144.54881,-13.562283,143.71637,75.66054,131.2695,0.07155151,-0.049111158,0.033141725,1439771,0,550,0.00963208,362
64000088,22000000000635,64000094,64000000,22,4.5195556,64000089,-1,64000087,64000088,-1,60,4.3032837,4.3032837,4.3893495,2398,19.345783,23.55383,7.600029,13613,2,2,0,133.33163,-21.605911,145.99655,71.54855,125.27819,-0.00395122,-0.028473822,0.02331447,1439739,0,635,0.010332118,626
64000089,21000000000741,64000094,64000000,21,4.888449,64000090,-1,64000088,64000089,-1,45,3.0122986,3.0122986,3.3565612,2398,19.276768,23.570047,7.5199194,13613,2,2,0,129.82843,-13.26691,131.8208,57.049973,99.2735,-0.084049046,0.04744123,0.06875312,1439773,0,741,0.010455854,872
64000090,20000000000726,64000094,64000000,20,5.2888336,64000091,-1,64000089,64000090,-1,37,2.840167,2.840167,3.18443,2398,19.173933,23.564642,7.430823,13613,2,2,0,130.81204,-9.550621,136.9031,60.910614,107.12365,-0.038215883,0.026148232,0.035983868,1439761,0,726,0.006900489,877
64000091,19000000000609,64000094,64000000,19,5.7238646,64000092,-1,64000090,64000091,-1,35,2.7541015,2.7541015,2.7541015,2398,19.106955,23.55065,7.3824806,13613,2,2,0,126.33289,-12.774101,127.32788,61.81814,109.76131,-0.00751041,0.017073268,0.025976235,1439761,0,609,0.006037495,453
64000092,18000000000546,64000094,64000000,18,6.1968336,64000093,-1,64000091,64000092,-1,29,2.4959044,2.4959044,2.4959044,2398,19.04344,23.572514,7.2980714,13613,2,2,0,118.409904,-6.9994965,124.3567,62.61693,113.49595,0.00260362,0.029600957,0.04967972,1439771,0,546,0.005003347,819
64000093,17000000000323,64000094,64000000,17,6.7115865,64000094,-1,64000092,64000093,-1,31,1.9795104,1.9795104,2.065576,2398,18.977818,23.561398,7.256523,13613,2,2,0,121.19857,-10.827719,125.98861,58.2239,98.89431,-6.03959E-5,0.0020047207,0.013461135,1439742,0,323,0.007254889,584
64000094,16000000000379,64000094,64000000,16,7.272188,-1,-1,64000093,64000094,-1,21,1.2909851,1.2909851,1.3770508,2398,18.93602,23.609632,7.158739,13613,2,2,0,115.657394,-17.21007,121.14469,67.26148,119.47659,0.046475627,-0.011774649,0.023600759,1439755,0,379,0.0038648057,550
64000095,42000000002266,64000100,64000000,42,0.9054624,64000096,64000101,64000019,64000095,-1,23,0.86065674,0.774591,0.86065674,2330,21.408634,23.683527,9.295189,15429,2,2,1,190.17622,-105.743454,126.53933,28.109545,48.548363,0.41340128,0.49331772,0.010776087,1439821,0,2266,0.031825688,978
64000096,41000000002474,64000100,64000000,41,0.98870814,64000097,-1,64000095,64000096,-1,21,1.032788,0.60245967,1.032788,2330,21.303123,23.741817,9.232081,15429,2,2,1,213.124,-99.63319,107.526245,26.879799,38.071236,0.15676236,0.032372154,0.12229743,1439821,0,2474,0.030641498,135
64000097,40000000002729,64000100,64000000,40,1.0778745,64000098,-1,64000096,64000097,-1,20,2.3237731,1.549182,2.3237731,2330,21.17424,23.795496,9.166652,15429,2,2,1,231.20387,-91.14664,122.29803,25.414454,39.668385,-0.04432286,0.23636547,0.04016883,1439702,0,2729,0.03129033,6
64000098,39000000002020,64000100,64000000,39,1.173417,64000099,-1,64000097,64000098,-1,26,1.8934448,1.549182,1.8934448,2330,21.0434,23.833403,9.111252,15429,2,2,1,195.81537,-56.89666,154.24641,35.468647,45.255203,0.41377378,0.5027591,-0.10147105,1439822,0,2020,0.028512001,743
64000099,38000000002332,64000100,64000000,38,1.2758462,64000100,-1,64000098,64000099,-1,23,1.8073791,1.4631164,1.8073791,2330,20.917675,23.869879,8.946304,15429,2,2,1,174.33153,-37.410583,158.66219,29.503492,36.5435,0.17797676,0.43893227,-0.117726885,1439877,0,2332,0.033995226,60
64000100,37000000002620,64000100,64000000,37,1.3857181,-1,-1,64000099,64000100,-1,27,1.2909851,0.86065674,1.2909851,2330,20.770628,23.902792,8.972798,15429,2,2,1,167.81242,-30.437462,145.49417,30.339605,40.700832,0.12812707,0.58726424,0.012982396,1439822,0,2620,0.04348232,656
64000101,43000000004058,64000107,64000000,43,0.8276991,64000102,-1,64000019,64000101,-1,23,1.8934448,1.4631164,1.6352477,2330,20.926552,23.525854,9.588526,15429,2,2,1,176.60367,-12.770358,-34.596035,26.17657,45.38699,-0.11856152,0.13396527,0.16776359,1380900,0,4058,0.02332333,642
64000102,42000000003653,64000107,64000000,42,0.9054624,64000103,-1,64000101,64000102,-1,27,1.4631164,1.1188537,1.4631164,2330,20.857256,23.532446,9.610428,15429,2,2,1,152.96036,-7.2374635,-25.34075,24.784681,43.028996,-0.14468008,0.16682763,0.31140548,1380545,0,3653,0.029591816,840
64000103,41000000003568,64000107,64000000,41,0.98870814,64000104,-1,64000102,64000103,-1,26,1.8934448,1.1188537,1.8934448,2330,20.744946,23.510296,9.589017,15429,2,2,1,131.52028,0.10387149,-16.831102,25.648548,45.59888,-0.09782027,0.14453344,0.3440987,1380900,0,3568,0.029182494,452
64000104,40000000002642,64000107,64000000,40,1.0778745,64000105,-1,64000103,64000104,-1,30,1.032788,1.032788,1.032788,2330,20.677746,23.51285,9.628863,15429,2,2,1,121.21955,12.209095,-8.367665,27.31267,45.04374,0.08609847,0.12617086,0.24374658,1366658,0,2642,0.037525613,822
64000105,39000000002504,64000107,64000000,39,1.173417,64000106,-1,64000104,64000105,-1,25,1.3770508,0.9467224,1.3770508,2330,20.612223,23.494509,9.637997,15429,2,2,1,109.56545,23.018795,0.16173607,25.324486,41.251545,-0.008458738,0.009842232,0.26392287,1366658,0,2504,0.029774228,473
64000106,38000000003323,64000107,64000000,38,1.2758462,64000107,-1,64000105,64000106,-1,21,1.8073791,1.7213135,1.8073791,2330,20.546764,23.481436,9.610235,15429,2,2,1,100.97343,34.07779,13.537335,22.725538,44.439808,0.009202409,0.13755433,0.16667977,1366658,0,3323,0.023591965,306
64000107,36000000004022,64000107,64000000,36,1.5036365,-1,-1,64000106,64000107,-1,22,0.774591,0.6885254,0.774591,2277,20.441195,23.423954,9.559626,14550,2,2,1,99.28197,31.194456,29.08425,27.254715,43.3953,-0.014676571,0.022698933,0.15935043,1380518,0,4022,0.026918521,126
64000108,44000000000382,64000132,64000000,44,0.75503564,64000109,-1,64000018,64000019,-1,35,0.0,0.0,0.0,2330,21.373205,23.444298,9.547266,15429,2,2,1,184.8379,99.96638,5.245484,38.61845,70.51806,-0.0099582635,0.12734619,0.025492383,1325803,0,382,0.016434146,686
64000109,43000000000375,64000132,64000000,43,0.8276991,64000110,-1,64000108,64000020,-1,39,0.0,0.0,0.0,2277,21.282438,23.403322,9.54556,14551,2,2,1,198.62808,65.625755,82.80408,40.72992,79.28907,-0.018389188,0.1342952,-0.081226766,1326240,0,375,0.013565512,716
64000110,42000000000389,64000132,64000000,42,0.9054624,64000111,-1,64000109,64000021,-1,31,0.0,0.0,0.0,2277,21.184565,23.376669,9.479237,14551,2,2,1,209.34186,43.60874,162.47574,45.34219,80.17099,0.013500199,0.11924804,-0.011326792,1325756,0,389,0.010294549,686
64000111,41000000000385,64000132,64000000,41,0.98870814,64000112,-1,64000110,64000022,-1,42,0.0,0.0,0.0,2277,21.074553,23.364101,9.374948,14551,2,2,1,214.71854,9.126231,265.67932,40.496414,78.82217,0.101274624,0.09357322,-0.042159133,1326232,0,385,0.0153065445,317
64000112,40000000000375,64000132,64000000,40,1.0778745,64000113,-1,64000111,64000023,-1,21,0.0,0.0,0.0,2277,20.96041,23.365728,9.207326,14551,2,2,1,236.79,16.06813,396.7322,49.223747,86.63111,0.10373972,-0.067681886,0.10687733,1324395,0,375,0.0055978647,272
64000113,39000000000380,64000132,64000000,39,1.173417,64000114,-1,64000112,64000024,-1,35,0.0,0.0,0.0,2277,20.878105,23.328701,8.972334,14551,2,2,1,60.175224,92.7627,383.61438,56.548004,94.04692,0.041985545,-0.058695197,0.13788262,1325803,0,380,0.008996967,578
64000114,38000000000396,64000132,64000000,38,1.2758462,64000115,-1,64000113,64000025,-1,44,0.0,0.0,0.0,2277,20.8335,23.274761,8.797225,14551,2,2,0,71.855354,105.558205,281.7129,49.324036,92.064415,0.08217409,0.049956486,-0.03131509,1326192,0,396,0.013260108,290
64000115,37000000001659,64000132,64000000,37,1.3857181,64000116,-1,64000114,64000115,-1,76,7.2295165,6.799188,7.2295165,2277,20.803078,23.216805,8.653484,14547,2,2,0,87.28177,98.93638,236.08774,48.4333,90.050865,0.18950081,0.24080534,-0.11774949,1325803,0,1659,0.018543338,600
64000116,36000000001705,64000132,64000000,36,1.5036365,64000117,-1,64000115,64000116,-1,75,6.4549255,5.9385314,6.540991,2277,20.745407,23.14287,8.541497,14547,2,2,0,96.69549,90.846214,209.185,51.945103,90.03878,0.20043778,0.31398392,-0.10986194,1326191,0,1705,0.017982624,280
64000117,35000000001699,64000132,64000000,35,1.6302707,64000118,-1,64000116,64000117,-1,73,6.4549255,6.196728,6.4549255,2277,20.681559,23.107645,8.423937,14547,2,2,0,100.99369,88.89734,187.41298,55.21541,105.17364,0.1076521,0.31784075,-0.042833425,1326191,0,1699,0.013072492,994
64000118,34000000001546,64000132,64000000,34,1.766336,64000119,-1,64000117,64000118,-1,78,6.282794,5.8524656,6.282794,2277,20.61697,23.058657,8.300838,14547,2,2,0,104.45697,84.88793,171.88533,49.99397,90.47194,0.23453216,0.15929575,-0.13794233,1326215,0,1546,0.020432368,274
64000119,33000000001667,64000132,64000000,33,1.9126327,64000120,-1,64000118,64000119,-1,67,4.8196774,4.8196774,4.905743,2277,20.55633,22.98776,8.195569,14547,2,2,0,110.1829,74.52346,161.4903,45.662643,83.517746,0.2395102,0.27606258,-0.012153947,1326184,0,1667,0.01855175,213
64000120,32000000001579,64000132,64000000,32,2.0700274,64000121,-1,64000119,64000120,-1,71,4.3032837,4.3032837,4.3032837,2277,20.513458,22.948952,8.106468,14547,2,2,0,110.16252,73.05496,147.86946,49.67167,102.21272,0.18757516,0.27751723,-0.06250059,1326216,0,1579,0.021936057,487
64000121,31000000001604,64000132,64000000,31,2.2394855,64000122,-1,64000120,64000121,-1,64,3.9590209,3.7868896,3.9590209,2277,20.452238,22.905056,8.015169,14546,2,2,0,107.943825,70.09647,138.52228,46.551197,85.85542,0.13407212,0.34829277,-0.111298926,1326184,0,1604,0.016771484,231
64000122,30000000001648,64000132,64000000,30,2.422044,64000123,-1,64000121,64000122,-1,56,4.217218,4.217218,4.3032837,2277,20.386675,22.879606,7.937716,14546,2,2,0,92.10864,74.06997,120.63904,53.92039,94.83922,-0.076212816,0.10979135,-0.009741502,1326183,0,1648,0.013225169,778
64000123,29000000001678,64000132,64000000,29,2.6188614,64000124,-1,64000122,64000123,-1,55,4.6475463,4.6475463,4.733612,2277,20.330526,22.831953,7.8815994,14546,2,2,0,89.44093,67.398,112.66361,61.02371,98.77057,-0.0339034,0.08458883,-0.03183842,1326184,0,1678,0.011028559,493
64000124,28000000001590,64000132,64000000,28,2.8311827,64000125,-1,64000123,64000124,-1,53,4.5614805,4.4754148,4.5614805,2277,20.308928,22.793154,7.820774,14546,2,2,0,90.47141,61.128876,103.18801,61.551704,105.53221,-0.0383175,0.08569072,-0.02374407,1326181,0,1590,0.01282832,567
64000125,27000000001527,64000132,64000000,27,3.060419,64000126,-1,64000124,64000125,-1,52,3.098364,2.840167,3.18443,2206,20.277212,22.774984,7.8045335,12790,2,2,0,86.229126,59.13611,99.57651,51.61062,81.98746,-0.075015225,0.0842658,0.039226275,1324011,0,1527,0.016869638,479
64000126,26000000001828,64000132,64000000,26,3.3080978,64000127,-1,64000125,64000126,-1,40,3.442627,3.442627,3.442627,2206,20.206472,22.72562,7.746189,12790,2,2,0,73.57101,54.66794,74.70527,49.032867,95.16763,-0.15706214,0.012535649,0.05444225,1323988,0,1828,0.01149184,641
64000127,25000000001619,64000132,64000000,25,3.575905,64000128,-1,64000126,64000127,-1,41,3.442627,3.3565612,3.442627,2206,20.149685,22.684786,7.7028527,12790,2,2,0,75.82993,53.80198,72.674385,50.142242,91.06166,-0.14461605,-0.018146062,0.026080392,1326215,0,1619,0.011526294,644
64000128,24000000001574,64000132,64000000,24,3.8656828,64000129,-1,64000127,64000128,-1,38,2.7541015,2.7541015,3.2704954,2206,20.121109,22.649477,7.655832,12790,2,2,0,80.61474,53.42345,69.42576,51.302486,92.79563,-0.13964586,-0.010579853,0.041715264,1323988,0,1574,0.009319191,240
64000129,23000000001433,64000132,64000000,23,4.1794686,64000130,-1,64000128,64000129,-1,36,2.9262328,2.9262328,2.9262328,2206,20.072985,22.621943,7.620223,12790,2,2,0,80.677086,51.244484,73.99564,53.750286,97.80243,7.33351E-4,-0.050242815,0.018047184,1326188,0,1433,0.007884475,128
64000130,22000000001294,64000132,64000000,22,4.5195556,64000131,-1,64000129,64000130,-1,34,2.5819702,2.4959044,2.5819702,2206,20.025846,22.61,7.567285,12790,2,2,0,76.67726,50.1548,71.75303,53.136784,98.791824,0.011712279,-0.05525057,-0.009400113,1326215,0,1294,0.007820309,337
64000131,21000000001142,64000132,64000000,21,4.888449,64000132,-1,64000130,64000131,-1,32,1.8073791,1.8073791,1.8934448,2206,19.97867,22.598715,7.536166,12790,2,2,0,75.30184,44.39844,71.92899,50.71919,89.23116,0.004754319,-0.03882348,0.01585205,1326216,0,1142,0.008438749,619
64000132,20000000001265,64000132,64000000,20,5.2888336,-1,-1,64000131,64000132,-1,25,0.86065674,0.774591,0.9467224,2206,19.927767,22.583155,7.5151587,12790,2,2,0,72.64403,36.737785,69.71084,45.886063,81.48139,-0.02492213,0.06405943,-0.019489871,1326216,0,1265,0.0098708235,722
64000133,52000000000425,64000163,64000000,52,0.31970343,64000134,-1,64000010,64000011,64000206,31,0.0,0.0,0.0,2328,21.932325,23.729126,9.845825,15464,2,2,1,124.65708,28.496927,-35.364834,41.841267,72.2916,-0.01033942,-0.103366956,0.12071592,1385157,0,425,0.014179257,962
64000134,50000000000453,64000163,64000000,50,0.40789944,64000135,-1,64000133,64000013,64000208,37,0.0,0.0,0.0,2328,21.921125,23.638727,9.856916,15464,2,2,1,10.791403,200.28555,101.37065,45.630978,86.02507,0.02746454,0.015133325,0.07336225,1380919,0,453,0.012354951,140
64000135,49000000000429,64000163,64000000,49,0.45657724,64000136,-1,64000134,64000014,64000209,41,0.0,0.0,0.0,2328,21.90436,23.560364,9.799612,15464,2,2,1,92.12135,192.86185,159.29292,45.083504,86.84774,-0.02106486,0.08643017,0.090667926,1380919,0,429,0.011486109,973
64000136,48000000000411,64000163,64000000,48,0.5085914,64000137,-1,64000135,64000015,64000210,43,0.0,0.0,0.0,2329,21.859793,23.48303,9.730236,15436,2,2,1,147.17148,168.93977,182.49074,37.48362,78.81406,-0.024603836,0.04962061,0.07888659,1380919,0,411,0.0139100365,893
64000137,47000000000412,64000163,64000000,47,0.5641766,64000138,-1,64000136,64000016,64000211,49,0.0,0.0,0.0,2278,21.782053,23.4159,9.648141,14558,2,2,1,194.02794,143.70273,202.78772,37.386185,77.91322,-0.04053264,0.02545558,-0.040471558,1384754,0,412,0.015538086,642
64000138,46000000000425,64000163,64000000,46,0.6235901,64000139,-1,64000137,64000017,64000212,47,0.0,0.0,0.0,2278,21.689047,23.36932,9.551306,14558,2,2,1,233.41513,103.50995,205.57574,42.072704,82.86342,0.014603113,0.01898493,-0.045657832,1366730,0,425,0.013654721,722
64000139,45000000000402,64000163,64000000,45,0.6871088,64000140,-1,64000138,64000018,64000213,45,0.0,0.0,0.0,2278,21.565662,23.33235,9.45579,14558,2,2,1,271.8758,58.4268,208.42053,45.44523,87.22141,7.4279355E-4,0.018209826,-0.02232803,1380928,0,402,0.014003443,692
64000140,44000000000380,64000163,64000000,44,0.75503564,64000141,-1,64000139,64000019,64000214,56,0.0,0.0,0.0,2277,21.428799,23.3028,9.350779,14551,2,2,1,313.01468,6.828697,204.58524,45.665226,82.77192,-0.18615946,-0.086813524,-0.08376151,1380926,0,380,0.016664367,984
64000141,43000000000374,64000163,64000000,43,0.8276991,64000142,-1,64000140,64000020,64000109,54,0.0,0.0,0.0,2277,21.272758,23.330044,9.254203,14551,2,2,1,336.63174,-66.51153,158.25854,46.55712,83.63019,-0.15247719,-0.047051314,0.04179691,1380928,0,374,0.017964596,207
64000142,42000000000388,64000163,64000000,42,0.9054624,64000143,-1,64000141,64000021,64000110,45,0.0,0.0,0.0,2277,21.095085,23.389336,9.203468,14551,2,2,1,310.44266,-144.82379,57.598667,54.114655,94.4518,-0.09851063,0.015564115,0.05322946,1366661,0,388,0.01065748,553
64000143,41000000000384,64000163,64000000,41,0.98870814,64000144,-1,64000142,64000022,64000111,58,0.0,0.0,0.0,2330,20.969202,23.457064,9.196478,15429,2,2,1,190.7133,-153.58868,-18.750435,49.920746,89.20306,-0.16706944,-0.09657157,-0.07650487,1366671,0,384,0.015342793,66
64000144,40000000000374,64000163,64000000,40,1.0778745,64000145,-1,64000143,64000023,64000112,62,0.0,0.0,0.0,2330,20.899364,23.524319,9.218637,15429,2,2,1,121.63317,-98.27416,-27.20962,52.41439,94.78481,-0.13856348,-0.1088794,-0.10286904,1366671,0,374,0.013570849,477
64000145,39000000000379,64000163,64000000,39,1.173417,64000146,-1,64000144,64000024,64000113,84,0.0,0.0,0.0,2330,20.833366,23.55787,9.224048,15429,2,2,1,107.09084,-53.966328,-11.892076,55.1888,97.38567,-0.27020413,-0.2660689,-0.1489054,1366671,0,379,0.016999258,858
64000146,38000000001400,64000163,64000000,38,1.2758462,64000147,-1,64000145,64000146,-1,100,8.692633,8.176239,8.692633,2330,20.780508,23.575005,9.21048,15429,2,2,1,92.303604,-28.255219,-2.16823,56.156296,99.086945,-0.2842873,-0.10517204,-0.06997913,1380523,0,1400,0.021289065,696
64000147,37000000001454,64000163,64000000,37,1.3857181,64000148,-1,64000146,64000147,-1,98,7.3155823,7.1434507,7.3155823,2330,20.719934,23.588604,9.207231,15429,2,2,1,88.5521,-7.6670084,9.714535,53.935654,94.012596,-0.32440636,-0.19449978,-0.10341759,1380523,0,1454,0.0215349,104
64000148,36000000001638,64000163,64000000,36,1.5036365,64000149,-1,64000147,64000148,-1,80,7.057385,6.540991,7.057385,2330,20.662607,23.601385,9.204373,15429,2,2,1,97.876366,-6.9096646,25.095266,46.78028,90.78324,-0.22730322,-0.0071753343,-0.013994056,1380523,0,1638,0.019435912,26
64000149,35000000001538,64000163,64000000,35,1.6302707,64000150,-1,64000148,64000149,-1,90,6.971319,6.799188,6.971319,2330,20.616957,23.603174,9.188484,15429,2,2,1,93.44728,3.6893573,30.174221,53.18051,91.44095,-0.30551243,-0.047888663,-0.08181388,1380938,0,1538,0.021421753,770
64000150,34000000001411,64000163,64000000,34,1.766336,64000151,-1,64000149,64000150,-1,92,7.831976,7.659845,7.9180417,2330,20.56958,23.604517,9.17351,15429,2,2,1,97.8966,9.614081,35.16498,56.270653,93.77423,-0.29177672,-0.0021857326,-0.07984977,1380927,0,1411,0.02224201,801
64000151,33000000001379,64000163,64000000,33,1.9126327,64000152,-1,64000150,64000151,-1,93,7.4877133,7.4016476,7.573779,2330,20.51271,23.606184,9.14622,15429,2,2,1,95.7004,12.366938,39.794468,62.980576,107.26895,-0.21368872,-0.03006933,-0.15033886,1380927,0,1379,0.017009208,779
64000152,32000000001491,64000163,64000000,32,2.0700274,64000153,-1,64000151,64000152,-1,79,6.971319,6.7131224,7.057385,2330,20.456898,23.616343,9.107757,15428,2,2,1,95.01706,9.2635355,39.30568,63.156273,105.46263,-0.14570804,-0.005747061,-0.080154225,1399033,0,1491,0.017586565,448
64000153,31000000001485,64000163,64000000,31,2.2394855,64000154,-1,64000152,64000153,-1,74,6.024597,5.7664,6.024597,2330,20.403584,23.60245,9.084069,15428,2,2,1,90.96304,11.781087,40.000053,55.571568,95.80277,-0.22238466,0.052350577,-0.10618628,1380920,0,1485,0.015335312,87
64000154,30000000001649,64000163,64000000,30,2.422044,64000155,-1,64000153,64000154,-1,61,4.733612,4.733612,4.8196774,2330,20.362837,23.607485,9.052598,15428,2,2,1,89.324745,7.906309,41.856922,59.38882,98.162384,-0.14598918,0.06426515,-0.1030881,1384754,0,1649,0.013829425,16
64000155,29000000001818,64000163,64000000,29,2.6188614,64000156,-1,64000154,64000155,-1,52,3.8729553,3.8729553,3.9590209,2330,20.31492,23.605549,9.042968,15428,2,2,1,82.13643,11.416142,42.74274,50.47697,94.51746,-0.1314983,0.007652626,-0.0035565721,1380926,0,1818,0.013592499,868
64000156,28000000001892,64000163,64000000,28,2.8311827,64000157,-1,64000155,64000156,-1,45,3.2704954,2.9262328,3.6147583,2330,20.277359,23.619064,9.008157,15428,2,2,1,82.94069,12.319369,36.756645,46.570217,84.310585,-0.11019545,0.018937886,-0.036458902,1380926,0,1892,0.0135442065,305
64000157,27000000001762,64000163,64000000,27,3.060419,64000158,-1,64000156,64000157,-1,45,3.098364,3.0122986,3.2704954,2330,20.243584,23.607239,9.00073,15428,2,2,1,82.20902,14.708587,37.398144,47.20017,91.25051,-0.082237795,-0.037630074,-0.07515013,1380927,0,1762,0.013061774,702
64000158,26000000001579,64000163,64000000,26,3.3080978,64000159,-1,64000157,64000158,-1,46,2.7541015,2.6680357,3.098364,2330,20.211866,23.59525,8.969281,15428,2,2,1,80.13334,6.3872776,43.393036,47.183968,88.09628,-0.05206808,0.16033943,0.09118211,1380926,0,1579,0.012477249,813
64000159,25000000001573,64000163,64000000,25,3.575905,64000160,-1,64000158,64000159,-1,42,3.6147583,3.6147583,3.6147583,2330,20.152567,23.59031,8.943577,15428,2,2,1,82.35288,10.739548,43.617332,54.90995,95.14538,0.007729686,0.002228043,0.057776492,1384753,0,1573,0.011351204,720
64000160,24000000001387,64000163,64000000,24,3.8656828,64000161,-1,64000159,64000160,-1,43,3.2704954,3.2704954,3.3565612,2330,20.099974,23.584442,8.929207,15428,2,2,1,79.42134,10.5469675,43.66013,54.769897,92.52247,0.011497955,-0.009119643,0.056688964,1380927,0,1387,0.011154705,486
64000161,23000000001576,64000163,64000000,23,4.1794686,64000162,-1,64000160,64000161,-1,33,1.9795104,1.9795104,2.3237731,2330,20.073397,23.608232,8.886396,15428,2,2,0,79.99538,11.395019,45.58396,54.096165,85.002655,-0.025235381,-0.05826946,-0.01641648,1399025,0,1576,0.009086537,316
64000162,22000000001421,64000163,64000000,22,4.5195556,64000163,-1,64000161,64000162,-1,31,2.2377074,2.1516418,2.2377074,2330,20.018223,23.566345,8.89482,15428,2,2,0,76.84765,11.702676,40.952663,51.524433,89.06467,-0.04537795,-0.05012931,-0.0341435,1366669,0,1421,0.00891648,908
64000163,21000000001527,64000163,64000000,21,4.888449,-1,-1,64000162,64000163,-1,25,1.8073791,1.8073791,1.9795104,2330,19.975874,23.570704,8.846507,15428,2,2,0,73.574326,15.654054,42.788277,47.36146,82.49448,0.05850717,-0.038085602,-0.031856358,1384755,0,1527,0.008069336,352
64000164,53000000000428,64000195,64000000,53,0.2798018,64000165,-1,64000009,64000010,-1,20,0.0,0.0,0.0,2328,22.049059,23.619099,9.982784,15464,2,2,1,122.942604,-88.603546,212.27971,34.994236,51.88041,0.060524583,0.05340692,0.081261866,1384716,0,428,0.01916713,105
64000165,51000000000451,64000195,64000000,51,0.36234027,64000166,-1,64000164,64000012,64000207,55,0.0,0.0,0.0,2328,21.983208,23.776205,9.801154,15464,2,2,1,133.82924,-190.84741,217.02934,47.943203,84.309044,0.114443965,-0.09399315,0.018929636,1384716,0,451,0.015404509,274
64000166,50000000000452,64000195,64000000,50,0.40789944,64000167,-1,64000165,64000013,64000134,81,0.0,0.0,0.0,2329,21.933147,23.84284,9.719644,15436,2,2,1,157.09576,-147.62924,193.91954,49.64385,91.16912,0.24570663,-0.22024494,-0.2934929,1398978,0,452,0.018778412,731
64000167,49000000000428,64000195,64000000,49,0.45657724,64000168,-1,64000166,64000014,64000135,84,0.0,0.0,0.0,2329,21.863583,23.886908,9.655161,15436,2,2,1,165.88136,-112.81578,174.84068,48.872192,84.72046,0.2008349,-0.29271406,-0.13264693,1398978,0,428,0.023070252,37
64000168,48000000001391,64000195,64000000,48,0.5085914,64000169,-1,64000167,64000168,-1,107,10.672143,8.262304,9.725421,2329,21.800192,23.935217,9.578908,15436,2,2,1,172.62514,-92.191635,166.53358,46.548367,92.02894,0.3527336,-0.42295998,-0.3101176,1398973,0,1391,0.025706261,475
64000169,47000000001492,64000195,64000000,47,0.5641766,64000170,-1,64000168,64000169,-1,103,9.467224,8.434436,9.209027,2329,21.719576,23.97487,9.506464,15436,2,2,1,173.84044,-71.83799,159.68164,47.790558,91.5586,0.30449677,-0.42464945,-0.29094398,1441304,0,1492,0.024565548,252
64000170,46000000001539,64000195,64000000,46,0.6235901,64000171,-1,64000169,64000170,-1,102,9.122961,8.176239,9.122961,2329,21.646122,24.004314,9.424951,15436,2,2,1,169.05992,-55.405884,151.01923,44.071583,81.94545,0.29164252,-0.33924028,-0.22513779,1441296,0,1539,0.030562667,102
64000171,45000000001585,64000195,64000000,45,0.6871088,64000172,-1,64000170,64000171,-1,98,8.348371,7.2295165,8.262304,2329,21.573357,24.033083,9.365019,15436,2,2,1,166.83862,-43.574043,142.30954,44.920128,84.475655,0.34845087,-0.28450635,-0.19038972,1398972,0,1585,0.026289018,662
64000172,44000000001527,64000195,64000000,44,0.75503564,64000173,-1,64000171,64000172,-1,100,8.090173,7.2295165,7.659845,2329,21.503126,24.054636,9.313043,15436,2,2,1,156.6351,-31.036634,133.85481,44.696198,84.15544,0.42015934,-0.31917617,-0.23276868,1384767,0,1527,0.029426869,162
64000173,43000000000847,64000195,64000000,43,0.8276991,64000174,-1,64000172,64000255,-1,93,0.0,0.0,0.0,2330,21.422455,24.065372,9.243886,15429,2,2,1,147.31021,-22.039465,127.56146,45.48414,86.665344,0.3564473,-0.32685557,-0.23346582,1384767,0,847,0.023545356,822
64000174,42000000000785,64000195,64000000,42,0.9054624,64000175,-1,64000173,64000256,-1,91,0.0,0.0,0.0,2330,21.352325,24.060728,9.186155,15429,2,2,1,133.28185,-14.905848,124.40769,47.57071,82.62108,0.30832598,-0.3933682,-0.23867144,1384767,0,785,0.026485495,361
64000175,41000000001188,64000195,64000000,41,0.98870814,64000176,-1,64000174,64000175,-1,109,11.016406,9.295093,10.8442745,2330,21.292252,24.07693,9.114781,15429,2,2,1,117.70249,-7.258211,114.37513,46.835506,83.65017,0.31096846,-0.60896754,-0.4509491,1398962,0,1188,0.030612579,672
64000176,40000000001161,64000195,64000000,40,1.0778745,64000177,-1,64000175,64000176,-1,109,10.500011,9.467224,10.241815,2330,21.22909,24.080086,9.046881,15429,2,2,1,109.792595,-8.224155,104.79969,53.103104,92.68851,0.34278578,-0.6429068,-0.45591247,1398959,0,1161,0.027475256,968
64000177,39000000001226,64000195,64000000,39,1.173417,64000178,-1,64000176,64000177,-1,109,10.93034,9.8975525,10.93034,2330,21.157505,24.092613,8.975038,15429,2,2,1,105.77467,-7.707816,91.48881,58.13663,95.11471,0.21447624,-0.6441389,-0.44786838,1399018,0,1226,0.023337647,91
64000178,38000000001241,64000195,64000000,38,1.2758462,64000179,-1,64000177,64000178,-1,112,10.241815,9.725421,10.241815,2330,21.097067,24.099386,8.941683,15429,2,2,1,100.350235,-11.654291,83.02088,53.195904,93.22738,0.13832918,-0.63339376,-0.52305555,1399018,0,1241,0.025603628,26
64000179,37000000001345,64000195,64000000,37,1.3857181,64000180,-1,64000178,64000179,-1,113,7.057385,6.36886,7.1434507,2330,21.011301,24.075832,8.88651,15429,2,2,0,101.29742,-13.78604,79.77756,52.462418,87.89386,0.2589961,-0.5873125,-0.5267165,1398962,0,1345,0.029283475,920
64000180,36000000001660,64000192,64000000,36,1.5036365,64000181,64000193,64000179,64000180,-1,79,6.282794,5.3360715,6.4549255,2330,20.967176,24.072641,8.885647,15429,2,2,0,104.37496,-1.3813449,64.80973,50.275852,84.70838,0.08826045,-0.37019524,-0.29034838,1398959,0,1660,0.02275695,569
64000181,35000000001594,64000192,64000000,35,1.6302707,64000182,-1,64000180,64000181,-1,81,5.9385314,5.680334,6.024597,2330,20.89945,24.071817,8.80811,15429,2,2,0,102.283585,-1.1986699,62.125797,43.679615,81.597694,0.061051544,-0.5177092,-0.38300788,1398959,0,1594,0.026502687,618
64000182,34000000001802,64000192,64000000,34,1.766336,64000183,-1,64000181,64000182,-1,66,4.3032837,4.217218,4.733612,2330,20.822584,24.085184,8.81197,15429,2,2,0,100.36098,-2.8838596,57.984474,42.4857,73.8636,0.020094087,-0.6302855,-0.3808243,1384739,0,1802,0.024835005,624
64000183,33000000001698,64000192,64000000,33,1.9126327,64000184,-1,64000182,64000183,-1,68,4.5614805,4.3893495,4.6475463,2330,20.784378,24.084206,8.780647,15425,2,2,0,100.56486,-2.8687227,59.236263,45.854008,78.280754,0.017102242,-0.59521586,-0.46879402,1384739,0,1698,0.025061779,842
64000184,32000000001652,64000192,64000000,32,2.0700274,64000185,-1,64000183,64000184,-1,68,3.18443,3.18443,3.2704954,2330,20.73736,24.070042,8.761239,15425,2,2,0,96.9841,-0.85275865,57.207577,48.06386,79.632256,-0.0632981,-0.55969566,-0.43667135,1398978,0,1652,0.024735974,315
64000185,31000000002359,64000189,64000000,31,2.2394855,64000186,64000190,64000184,64000185,-1,43,3.6147583,3.5286925,3.6147583,2330,20.690771,24.045084,8.735794,15425,2,2,0,74.24302,12.835059,47.733356,44.286037,83.58755,0.07673905,-0.004060717,-0.054391142,1399021,0,2359,0.015247286,89
64000186,30000000002920,64000189,64000000,30,2.422044,64000187,-1,64000185,64000186,-1,31,2.9262328,2.9262328,3.0122986,2330,20.67122,24.023932,8.71943,15425,2,2,0,65.860115,23.174988,41.779655,41.58629,73.56769,0.012887505,0.024982711,0.03274447,1399022,0,2920,0.012664632,929
64000187,29000000002392,64000189,64000000,29,2.6188614,64000188,-1,64000186,64000187,-1,38,2.2377074,2.2377074,2.3237731,2330,20.619041,23.993227,8.697682,15425,2,2,0,69.91328,13.530297,44.492218,43.327187,77.614525,0.15697782,-0.046994124,-0.0127512915,1399021,0,2392,0.012544192,736
64000188,28000000001543,64000189,64000000,28,2.8311827,64000189,-1,64000187,64000188,-1,56,2.4098387,2.1516418,2.4098387,2330,20.565763,24.001362,8.672646,15425,2,2,0,87.49852,3.3977733,50.71462,40.784817,72.00577,0.011602837,-0.4531717,-0.3277445,1399021,0,1543,0.023793437,924
64000189,27000000002522,64000189,64000000,27,3.060419,-1,-1,64000188,64000189,-1,30,1.8073791,1.8073791,1.8073791,2330,20.532183,23.973278,8.669747,15425,2,2,0,66.39422,12.075845,39.992626,34.94148,67.659325,0.12106783,0.038201865,0.09300009,1399026,0,2522,0.015344757,660
64000190,31000000003749,64000192,64000000,31,2.2394855,64000191,-1,64000184,64000190,-1,23,1.7213135,1.6352477,1.7213135,2330,20.682507,24.13571,8.612409,15425,2,2,0,142.4156,-22.261076,91.22128,38.1404,67.83311,0.03244819,0.17305766,-0.049469315,1384735,0,3749,0.013359131,170
64000191,30000000003749,64000192,64000000,30,2.422044,64000192,-1,64000190,64000191,-1,23,2.065576,2.065576,2.065576,2330,20.627954,24.144344,8.561443,15425,2,2,0,140.06767,-19.480888,79.35835,39.454987,69.33185,0.02631676,0.23399355,-0.0042341114,1439905,0,3749,0.011239503,182
64000192,29000000003584,64000192,64000000,29,2.6188614,-1,-1,64000191,64000192,-1,22,1.3770508,1.3770508,1.3770508,2330,20.53758,24.160028,8.503543,15425,2,2,0,139.7801,-17.122068,70.09679,36.192867,61.057423,0.017354103,0.08577564,0.031479727,1439905,0,3584,0.012267006,393
64000193,36000000003108,64000195,64000000,36,1.5036365,64000194,-1,64000179,64000193,-1,25,0.60245967,0.60245967,0.60245967,2330,21.117311,24.12563,8.771123,15425,2,2,0,95.537964,-57.209312,113.21585,31.273502,38.933212,-0.18500237,-0.3434735,0.007983319,1384724,0,3108,0.048245803,790
64000194,35000000003431,64000195,64000000,35,1.6302707,64000195,-1,64000193,64000194,-1,24,1.032788,0.9467224,1.032788,2330,21.029234,24.176474,8.726567,15425,2,2,0,90.92295,-37.01731,114.46236,29.775476,41.931377,-0.13484472,-0.22297639,0.027561834,1384724,0,3431,0.035790794,452
64000195,34000000003255,64000195,64000000,34,1.766336,-1,-1,64000194,64000195,-1,22,0.86065674,0.774591,0.86065674,2330,20.954641,24.236063,8.734526,15425,2,2,0,93.69074,-29.04079,117.06393,35.2691,45.41465,-0.17252353,-0.26589155,-0.050722204,1439925,0,3255,0.02642788,16
